Ejercicio 13

Dadas las siguientes operaciones, mostrar la construcción paso a paso de un árbol B de
orden 5:
Política de resolución de underflows: izquierda.
+80, +50, +70, +120, +23, +52, +59, +65, +30, +40, +45, +31, +34, +38, +60, +63, +64, -23,
-30, -31, -40, -45, -38.


+80
0:(80)


+50
0:(50)(80)


+70
0:(50)(70)(80)


+120
0:(50)(70)(80)(120)


+23                     23 50 | 70 | 80 120
     1: 0(70)2
0:(23)(50)  2:(80)(120)


+52
         1: 0(70)2
0:(23)(50)(52)  2:(80)(120)


+59
             1: 0(70)2
0:(23)(50)(52)(59)  2:(80)(120)


+65                     23 50 | 52 | 59 65
         1: 0(52)3(70)2
0:(23)(50)  3:(59)(65)  2:(80)(120)


+30
         1: 0(52)3(70)2
0:(23)(30)(50)  3:(59)(65)  2:(80)(120)


+40
         1: 0(52)3(70)2
0:(23)(30)(40)(50)  3:(59)(65)  2:(80)(120)


+45                     23 30 | 40 | 45 50
              1: 0(40)4(52)3(70)2
0:(23)(30)  4:(45)(50)  3:(59)(65)  2:(80)(120)


+31
              1: 0(40)4(52)3(70)2
0:(23)(30)(31)  4:(45)(50)  3:(59)(65)  2:(80)(120)


+34
              1: 0(40)4(52)3(70)2
0:(23)(30)(31)(34)  4:(45)(50)  3:(59)(65)  2:(80)(120)


+38                     23 30 | 31 | 34 38
                1: 0(31)5(40)4(52)3(70)2
0:(23)(30)  5:(34)(38)  4:(45)(50)  3:(59)(65)  2:(80)(120)


+60
                1: 0(31)5(40)4(52)3(70)2
0:(23)(30)  5:(34)(38)  4:(45)(50)  3:(59)(60)(65)  2:(80)(120)


+63
                1: 0(31)5(40)4(52)3(70)2
0:(23)(30)  5:(34)(38)  4:(45)(50)  3:(59)(60)(63)(65)  2:(80)(120)


+64                     59 60 | 63 | 64 65
                        31 40 | 52 | 63 70

                          7: 1(52)8
                1: 0(31)5(40)4  8: 3(63)6(70)2
0:(23)(30)  5:(34)(38)  4:(45)(50)  3:(59)(60) 6:(64)(65)  2:(80)(120)


-23
                          7: 1(52)8
                1: 0(31)5(40)4  8: 3(63)6(70)2
0:(30)  5:(34)(38)  4:(45)(50)  3:(59)(60) 6:(64)(65)  2:(80)(120)


-30
                          7: 1(52)8
                1: 0(34)5(40)4  8: 3(63)6(70)2
0:(31)  5:(38)  4:(45)(50)  3:(59)(60) 6:(64)(65)  2:(80)(120)


-31
                    7: 1(52)8
        1: 5(40)4               8: 3(63)6(70)2
5:(34)(38)  4:(45)(50)   3:(59)(60) 6:(64)(65)  2:(80)(120)


-40
Intercambio 40
                    7: 1(52)8
        1: 5(45)4               8: 3(63)6(70)2
5:(34)(38)  4:(40)(50)   3:(59)(60) 6:(64)(65)  2:(80)(120)

Borro 40
                7: 1(52)8
     1: 5(45)4               8: 3(63)6(70)2
5:(34)(38)  4:(50)   3:(59)(60) 6:(64)(65)  2:(80)(120)


-45
Intercambio 45
                    7: 1(52)8
        1: 5(50)4               8: 3(63)6(70)2
5:(34)(38)  4:(45)   3:(59)(60) 6:(64)(65)  2:(80)(120)

Borro 45 y resuelvo underflow
                7: 1(52)8
    1: 5(38)4               8: 3(63)6(70)2
5:(34)  4:(50)   3:(59)(60) 6:(64)(65)  2:(80)(120)


-38
Intercambio 38
                7: 1(52)8
    1: 5(50)4               8: 3(63)6(70)2
5:(34)  4:(38)   3:(59)(60) 6:(64)(65)  2:(80)(120)

Borro y resuelvo underflow propagado
            1: 4(52)3(63)6(70)2
4:(34)(50)   3:(59)(60) 6:(64)(65)  2:(80)(120)